604780
783448
81740
101950
295461
1240057
881371
300680
1223742
895490
999548
72720
786433
959807
225361
1009970
335697
771256
742709
277722
352251
372569
104094
14820
1097818
514639
612807
974096
24605
594696
1002428
948491
477047
272915
1128320
714190
906891
1015496
739978
117959
98359
286768
315200
1057612
752699
430188
658309
350373
1216550
909905
1040559
1064127
1256799
533987
118643
1124750
543941
1070075
948897
261399
915508
434077
622399
829777
199158
1017091
864813
41129
143131
87597
29987
586188
949852
585266
848054
852839
215718
1142860
680535
576079
1201842
710552
969202
540587
387711
629437
582820
23853
1009134
503375
1253465
755286
125740
137431
503019
546514
193305
1157354
785167
1002441
