#.01%                           #.1%                            #1%                         #10%
  1000                             1000                           10000                        10000
  3000                             3000                           30000                        30000
  5000                             5000                           50000                        50000
  7000                             7000                           70000                        70000
  9000                             9000                           90000                        90000
11000                           11000                          110000                      110000
13000                           13000                          130000                      130000
15000                           15000                          150000                      150000
17000                           17000                          170000                      170000
19000                           19000                          190000                      190000
21000                           21000                          210000                      210000
23000                           23000                          230000                      230000
25000                           25000                          250000                      250000
27000                           27000                          270000                      270000
29000                           29000                          290000                      290000
31000                           31000                          310000                      310000
33000                           33000                          330000                      330000
35000                           35000                          350000                      350000
