20                      100                          50                          10                            10
40                      300                        100                          20                            15
60                      500                        150                          30                            20
80                      700                        200                          40                            25
100                    900                        250                          50                            30
120                  1100                        300                          60                            35
140                  1300                        350                          70                            40
160                  1500                        400                          80                            45
180                  1700                        450                          90                            50
200                  1900                        500                        100
220                  2100                        550                        110
240                  2300                        600
260                  2500                        650
280                                                 700
300                                                 750
320
340